1805
129
66
182
194
100
99
96
103
102
106
187
104
100
100
114
186
111
107
175
107
115
176
109
193
99
100
107
190
144
167
108
183
100
103
102
204
93
189
102
112
185
108
195
104
118
173
115
105
181
196
107
194
130
175
115
181
124
169
111
112
175
109
198
110
183
103
101
192
105
111
194
96
114
178
110
195
100
104
188
108
115
175
107
108
192
108
188
112
183
111
193
101
106
195
191
110
106
185
116
190
123
167
121
187
113
183
116
177
100
106
121
175
209
106
181
104
106
188
107
112
184
119
178
106
197
99
99
101
110
189
100
190
102
99
107
101
192
106
146
94
161
112
187
192
105
110
177
106
113
180
117
203
93
99
195
103
189
106
104
192
103
190
98
208
104
192
108
185
100
199
112
103
102
185
111
193
193
98
118
192
94
104
114
183
111
194
187
97
112
198
101
189
101
105
189
103
120
181
94
109
104
185
105
106
187
118
103
182
106
102
187
117
186
103
108
101
187
123
174
102
111
188
100
101
107
190
99
198
105
198
110
91
190
107
102
198
104
105
181
110
188
105
105
103
191
195
108
189
104
100
103
103
194
104
114
186
94
108
189
104
110
179
103
103
109
186
104
109
187
101
97
108
198
191
111
185
105
116
109
169
100
120
189
191
100
111
193
106
187
104
114
188
103
191
102
94
100
105
101
110
190
102
193
108
107
187
98
102
102
108
183
108
192
202
100
111
106
172
108
96
104
110
187
103
110
86
100
203
96
98
105
188
107
98
109
186
100
105
106
190
103
107
194
106
188
107
112
182
99
99
106
191
100
97
104
105
187
158
85
162
103
108
113
178
113
115
165
110
188
105
112
121
179
106
178
96
122
175
102
98
101
105
105
190
106
200
96
109
182
104
103
105
190
111
87
102
102
108
186
109
117
107
164
101
101
104
187
107
102
105
186
101
124
179
194
99
140
165
117
98
181
96
115
109
181
109
183
111
202
85
201
103
105
119
172
104
102
101
190
102
100
96
102
110
187
110
192
101
112
186
106
189
107
192
104
115
179
218
94
117
170
114
186
